120 120
000000000000000000000000000000000000000000000000000000000000000000000000000000000000000000000000000000000000000000000000
111011101110111011101110111011101110111011101110111011101110111011101110111011101110111011101110111011101110111011101110
100010001000100010001000100010001000100010001000100010001000100010001000100010001000100010001000100010001000100010001000
000100010001000100010001000100010001000100010001000100010001000100010001000100010001000100010001000100010001000100010001
011101110111011101110111011101110111011101110111011101110111011101110111011101110111011101110111011101110111011101110111
000000000000000000000000000000000000000000000000000000000000000000000000000000000000000000000000000000000000000000000000
000000000000000000000000000000000000000000000000000000000000000000000000000000000000000000000000000000000000000000000000
111011101110111011101110111011101110111011101110111011101110111011101110111011101110111011101110111011101110111011101110
100010001000100010001000100010001000100010001000100010001000100010001000100010001000100010001000100010001000100010001000
000100010001000100010001000100010001000100010001000100010001000100010001000100010001000100010001000100010001000100010001
011101110111011101110111011101110111011101110111011101110111011101110111011101110111011101110111011101110111011101110111
000000000000000000000000000000000000000000000000000000000000000000000000000000000000000000000000000000000000000000000000
000000000000000000000000000000000000000000000000000000000000000000000000000000000000000000000000000000000000000000000000
111011101110111011101110111011101110111011101110111011101110111011101110111011101110111011101110111011101110111011101110
100010001000100010001000100010001000100010001000100010001000100010001000100010001000100010001000100010001000100010001000
000100010001000100010001000100010001000100010001000100010001000100010001000100010001000100010001000100010001000100010001
011101110111011101110111011101110111011101110111011101110111011101110111011101110111011101110111011101110111011101110111
000000000000000000000000000000000000000000000000000000000000000000000000000000000000000000000000000000000000000000000000
000000000000000000000000000000000000000000000000000000000000000000000000000000000000000000000000000000000000000000000000
111011101110111011101110111011101110111011101110111011101110111011101110111011101110111011101110111011101110111011101110
100010001000100010001000100010001000100010001000100010001000100010001000100010001000100010001000100010001000100010001000
000100010001000100010001000100010001000100010001000100010001000100010001000100010001000100010001000100010001000100010001
011101110111011101110111011101110111011101110111011101110111011101110111011101110111011101110111011101110111011101110111
000000000000000000000000000000000000000000000000000000000000000000000000000000000000000000000000000000000000000000000000
000000000000000000000000000000000000000000000000000000000000000000000000000000000000000000000000000000000000000000000000
111011101110111011101110111011101110111011101110111011101110111011101110111011101110111011101110111011101110111011101110
100010001000100010001000100010001000100010001000100010001000100010001000100010001000100010001000100010001000100010001000
000100010001000100010001000100010001000100010001000100010001000100010001000100010001000100010001000100010001000100010001
011101110111011101110111011101110111011101110111011101110111011101110111011101110111011101110111011101110111011101110111
000000000000000000000000000000000000000000000000000000000000000000000000000000000000000000000000000000000000000000000000
000000000000000000000000000000000000000000000000000000000000000000000000000000000000000000000000000000000000000000000000
111011101110111011101110111011101110111011101110111011101110111011101110111011101110111011101110111011101110111011101110
100010001000100010001000100010001000100010001000100010001000100010001000100010001000100010001000100010001000100010001000
000100010001000100010001000100010001000100010001000100010001000100010001000100010001000100010001000100010001000100010001
011101110111011101110111011101110111011101110111011101110111011101110111011101110111011101110111011101110111011101110111
000000000000000000000000000000000000000000000000000000000000000000000000000000000000000000000000000000000000000000000000
000000000000000000000000000000000000000000000000000000000000000000000000000000000000000000000000000000000000000000000000
111011101110111011101110111011101110111011101110111011101110111011101110111011101110111011101110111011101110111011101110
100010001000100010001000100010001000100010001000100010001000100010001000100010001000100010001000100010001000100010001000
000100010001000100010001000100010001000100010001000100010001000100010001000100010001000100010001000100010001000100010001
011101110111011101110111011101110111011101110111011101110111011101110111011101110111011101110111011101110111011101110111
000000000000000000000000000000000000000000000000000000000000000000000000000000000000000000000000000000000000000000000000
000000000000000000000000000000000000000000000000000000000000000000000000000000000000000000000000000000000000000000000000
111011101110111011101110111011101110111011101110111011101110111011101110111011101110111011101110111011101110111011101110
100010001000100010001000100010001000100010001000100010001000100010001000100010001000100010001000100010001000100010001000
000100010001000100010001000100010001000100010001000100010001000100010001000100010001000100010001000100010001000100010001
011101110111011101110111011101110111011101110111011101110111011101110111011101110111011101110111011101110111011101110111
000000000000000000000000000000000000000000000000000000000000000000000000000000000000000000000000000000000000000000000000
000000000000000000000000000000000000000000000000000000000000000000000000000000000000000000000000000000000000000000000000
111011101110111011101110111011101110111011101110111011101110111011101110111011101110111011101110111011101110111011101110
100010001000100010001000100010001000100010001000100010001000100010001000100010001000100010001000100010001000100010001000
000100010001000100010001000100010001000100010001000100010001000100010001000100010001000100010001000100010001000100010001
011101110111011101110111011101110111011101110111011101110111011101110111011101110111011101110111011101110111011101110111
000000000000000000000000000000000000000000000000000000000000000000000000000000000000000000000000000000000000000000000000
000000000000000000000000000000000000000000000000000000000000000000000000000000000000000000000000000000000000000000000000
111011101110111011101110111011101110111011101110111011101110111011101110111011101110111011101110111011101110111011101110
100010001000100010001000100010001000100010001000100010001000100010001000100010001000100010001000100010001000100010001000
000100010001000100010001000100010001000100010001000100010001000100010001000100010001000100010001000100010001000100010001
011101110111011101110111011101110111011101110111011101110111011101110111011101110111011101110111011101110111011101110111
000000000000000000000000000000000000000000000000000000000000000000000000000000000000000000000000000000000000000000000000
000000000000000000000000000000000000000000000000000000000000000000000000000000000000000000000000000000000000000000000000
111011101110111011101110111011101110111011101110111011101110111011101110111011101110111011101110111011101110111011101110
100010001000100010001000100010001000100010001000100010001000100010001000100010001000100010001000100010001000100010001000
000100010001000100010001000100010001000100010001000100010001000100010001000100010001000100010001000100010001000100010001
011101110111011101110111011101110111011101110111011101110111011101110111011101110111011101110111011101110111011101110111
000000000000000000000000000000000000000000000000000000000000000000000000000000000000000000000000000000000000000000000000
000000000000000000000000000000000000000000000000000000000000000000000000000000000000000000000000000000000000000000000000
111011101110111011101110111011101110111011101110111011101110111011101110111011101110111011101110111011101110111011101110
100010001000100010001000100010001000100010001000100010001000100010001000100010001000100010001000100010001000100010001000
000100010001000100010001000100010001000100010001000100010001000100010001000100010001000100010001000100010001000100010001
011101110111011101110111011101110111011101110111011101110111011101110111011101110111011101110111011101110111011101110111
000000000000000000000000000000000000000000000000000000000000000000000000000000000000000000000000000000000000000000000000
000000000000000000000000000000000000000000000000000000000000000000000000000000000000000000000000000000000000000000000000
111011101110111011101110111011101110111011101110111011101110111011101110111011101110111011101110111011101110111011101110
100010001000100010001000100010001000100010001000100010001000100010001000100010001000100010001000100010001000100010001000
000100010001000100010001000100010001000100010001000100010001000100010001000100010001000100010001000100010001000100010001
011101110111011101110111011101110111011101110111011101110111011101110111011101110111011101110111011101110111011101110111
000000000000000000000000000000000000000000000000000000000000000000000000000000000000000000000000000000000000000000000000
000000000000000000000000000000000000000000000000000000000000000000000000000000000000000000000000000000000000000000000000
111011101110111011101110111011101110111011101110111011101110111011101110111011101110111011101110111011101110111011101110
100010001000100010001000100010001000100010001000100010001000100010001000100010001000100010001000100010001000100010001000
000100010001000100010001000100010001000100010001000100010001000100010001000100010001000100010001000100010001000100010001
011101110111011101110111011101110111011101110111011101110111011101110111011101110111011101110111011101110111011101110111
000000000000000000000000000000000000000000000000000000000000000000000000000000000000000000000000000000000000000000000000
000000000000000000000000000000000000000000000000000000000000000000000000000000000000000000000000000000000000000000000000
111011101110111011101110111011101110111011101110111011101110111011101110111011101110111011101110111011101110111011101110
100010001000100010001000100010001000100010001000100010001000100010001000100010001000100010001000100010001000100010001000
000100010001000100010001000100010001000100010001000100010001000100010001000100010001000100010001000100010001000100010001
011101110111011101110111011101110111011101110111011101110111011101110111011101110111011101110111011101110111011101110111
000000000000000000000000000000000000000000000000000000000000000000000000000000000000000000000000000000000000000000000000
000000000000000000000000000000000000000000000000000000000000000000000000000000000000000000000000000000000000000000000000
111011101110111011101110111011101110111011101110111011101110111011101110111011101110111011101110111011101110111011101110
100010001000100010001000100010001000100010001000100010001000100010001000100010001000100010001000100010001000100010001000
000100010001000100010001000100010001000100010001000100010001000100010001000100010001000100010001000100010001000100010001
011101110111011101110111011101110111011101110111011101110111011101110111011101110111011101110111011101110111011101110111
000000000000000000000000000000000000000000000000000000000000000000000000000000000000000000000000000000000000000000000000
000000000000000000000000000000000000000000000000000000000000000000000000000000000000000000000000000000000000000000000000
111011101110111011101110111011101110111011101110111011101110111011101110111011101110111011101110111011101110111011101110
100010001000100010001000100010001000100010001000100010001000100010001000100010001000100010001000100010001000100010001000
000100010001000100010001000100010001000100010001000100010001000100010001000100010001000100010001000100010001000100010001
011101110111011101110111011101110111011101110111011101110111011101110111011101110111011101110111011101110111011101110111
000000000000000000000000000000000000000000000000000000000000000000000000000000000000000000000000000000000000000000000000
000000000000000000000000000000000000000000000000000000000000000000000000000000000000000000000000000000000000000000000000
111011101110111011101110111011101110111011101110111011101110111011101110111011101110111011101110111011101110111011101110
100010001000100010001000100010001000100010001000100010001000100010001000100010001000100010001000100010001000100010001000
000100010001000100010001000100010001000100010001000100010001000100010001000100010001000100010001000100010001000100010001
011101110111011101110111011101110111011101110111011101110111011101110111011101110111011101110111011101110111011101110111
000000000000000000000000000000000000000000000000000000000000000000000000000000000000000000000000000000000000000000000000
000000000000000000000000000000000000000000000000000000000000000000000000000000000000000000000000000000000000000000000000
111011101110111011101110111011101110111011101110111011101110111011101110111011101110111011101110111011101110111011101110
100010001000100010001000100010001000100010001000100010001000100010001000100010001000100010001000100010001000100010001000
000100010001000100010001000100010001000100010001000100010001000100010001000100010001000100010001000100010001000100010001
011101110111011101110111011101110111011101110111011101110111011101110111011101110111011101110111011101110111011101110111
000000000000000000000000000000000000000000000000000000000000000000000000000000000000000000000000000000000000000000000000
000000000000000000000000000000000000000000000000000000000000000000000000000000000000000000000000000000000000000000000000
111011101110111011101110111011101110111011101110111011101110111011101110111011101110111011101110111011101110111011101110
100010001000100010001000100010001000100010001000100010001000100010001000100010001000100010001000100010001000100010001000
000100010001000100010001000100010001000100010001000100010001000100010001000100010001000100010001000100010001000100010001
011101110111011101110111011101110111011101110111011101110111011101110111011101110111011101110111011101110111011101110111
000000000000000000000000000000000000000000000000000000000000000000000000000000000000000000000000000000000000000000000000